loser_score = -0.308132 * diff_pred + 8.433613
MAE: 2.8953593023000908
