loser_score = -0.253329 * diff_pred + 8.333264
MAE: 2.8562772482004637
