loser_score = -0.584570 * diff_pred + 8.611430
MAE: 2.8030650151211565
